Dumping 'a'...
=== BEGIN POPULATION ===
N =  20
D =  1
Encoder for dimension # 1 :
0101110111011000
1000010110011000
1110110110001001
1100011010010000
1010000011110101
0110000111110001
1110110101111100
1110101001011111
1110010110100001
0110010110101110
1110011011110101
1100110110111101
0100001101111010
0100100110101110
0010011101010011
0010101001110100
1011111100110000
1000000101101000
1110111110111011
0011101111001000
---
Bias:
1101110100110011
1101000100001110
0001011000110011
1111110000011110
1100111110011100
1100101001101111
0001110111010100
0010000111110010
0001111110101100
1010011011110110
0010001000011011
0001011100100011
0111010010011111
0000101110011001
0000001001101010
0001111000011000
1111101000111110
1100001111000000
0001111000011100
1111010100010110
---
Decoder for  X :
0000000100001001
1111101110000110
1111111001100100
1111110100001110
1111111111101101
0000001001000100
1111111111100000
1111101110000110
1111110010100000
1111111101111101
1111111000111111
1111100011100011
0000001100100000
0000011000100000
0000001110100010
0000011000101000
1111111101011111
1111111101000011
1111111000111001
0000000001111110
---
=== END POPULATION ===
Dumping 'b'...
=== BEGIN POPULATION ===
N =  20
D =  1
Encoder for dimension # 1 :
0010110001100111
0000111001101001
1101001111011011
0001100101110110
1110011000100101
0010111100001110
0001011000110011
1110000010010100
0001100011100101
0001110001000111
1100110100110000
0001111110111011
0010100001010100
1101000101111000
1101111101101101
1100101101010110
1000111110100000
0011011011011000
1101011000101111
0010101110011101
---
Bias:
0000111110010100
0001101101000110
0001010110110110
0010001001111101
0010000101011010
0000011111001110
0001101011110011
0010011000111011
0001110010001000
0001011110100101
0001001011110010
0010000100001001
0000010111001110
0001000101101011
0000111110110001
0001101010111000
1100010000010110
0000100000011010
0010100101101011
0000000000111101
---
Decoder for  X :
0000000111100000
0000001010011111
1111111011110000
0000001110100110
1111110101110010
0000010101001110
0000010001100111
1111101101101100
0000000110110101
0000000011111001
1111110001111011
0000000101010001
0000001111111011
1111110001011100
1111111000000011
1111111011111101
1111101110101110
0000000101100010
1111111000000001
0000000111001111
---
=== END POPULATION ===
